%YAML:1.0
---
image_width: 1920
image_height: 1080
camera_matrix: !!opencv-matrix
   rows: 3
   cols: 3
   dt: d
   data: [ 1136.3676390545575, 0., 946.83162052921512, 0.,
       1145.1171752025289, 574.32669095403435, 0., 0., 1. ]
dist_coeffs: !!opencv-matrix
   rows: 1
   cols: 5
   dt: d
   data: [ 0.11017038701677209, -0.19174073046264126,
       0.0002839804818682142, 0.0015158861776958848,
       0.033477282530373798 ]
rms: 0.47065515157069859
